+---------------------------------------------------------------------------------------------------------------------------------------------------------------------------------------------------------------------------------------------------------+
; Legal Partition Candidates                                                                                                                                                                                                                              ;
+----------------------------------------------------+-------+----------------+--------------+----------------+--------+-----------------+---------------+-----------------+-------+----------------+--------------+------------------+-------------------+
; Hierarchy                                          ; Input ; Constant Input ; Unused Input ; Floating Input ; Output ; Constant Output ; Unused Output ; Floating Output ; Bidir ; Constant Bidir ; Unused Bidir ; Input only Bidir ; Output only Bidir ;
+----------------------------------------------------+-------+----------------+--------------+----------------+--------+-----------------+---------------+-----------------+-------+----------------+--------------+------------------+-------------------+
; data_memory|altsyncram_component|auto_generated    ; 75    ; 0              ; 0            ; 0              ; 48     ; 0               ; 0             ; 0               ; 0     ; 0              ; 0            ; 0                ; 0                 ;
; data_memory                                        ; 75    ; 76             ; 0            ; 76             ; 48     ; 76              ; 76            ; 76              ; 0     ; 0              ; 0            ; 0                ; 0                 ;
; program_memory|altsyncram_component|auto_generated ; 75    ; 0              ; 0            ; 0              ; 48     ; 0               ; 0             ; 0               ; 0     ; 0              ; 0            ; 0                ; 0                 ;
; program_memory                                     ; 75    ; 76             ; 0            ; 76             ; 48     ; 76              ; 76            ; 76              ; 0     ; 0              ; 0            ; 0                ; 0                 ;
; host_if|u5                                         ; 63    ; 44             ; 0            ; 44             ; 103    ; 44              ; 44            ; 44              ; 0     ; 0              ; 0            ; 0                ; 0                 ;
; host_if|u1|u1                                      ; 11    ; 0              ; 0            ; 0              ; 2      ; 0               ; 0             ; 0               ; 0     ; 0              ; 0            ; 0                ; 0                 ;
; host_if|u1|u0                                      ; 3     ; 0              ; 0            ; 0              ; 9      ; 0               ; 0             ; 0               ; 0     ; 0              ; 0            ; 0                ; 0                 ;
; host_if|u1                                         ; 14    ; 0              ; 0            ; 0              ; 11     ; 0               ; 0             ; 0               ; 0     ; 0              ; 0            ; 0                ; 0                 ;
; host_if|u0|u3                                      ; 4     ; 0              ; 0            ; 0              ; 7      ; 0               ; 0             ; 0               ; 0     ; 0              ; 0            ; 0                ; 0                 ;
; host_if|u0|u2                                      ; 4     ; 0              ; 0            ; 0              ; 7      ; 0               ; 0             ; 0               ; 0     ; 0              ; 0            ; 0                ; 0                 ;
; host_if|u0|u1                                      ; 4     ; 0              ; 0            ; 0              ; 7      ; 0               ; 0             ; 0               ; 0     ; 0              ; 0            ; 0                ; 0                 ;
; host_if|u0|u0                                      ; 4     ; 0              ; 0            ; 0              ; 7      ; 0               ; 0             ; 0               ; 0     ; 0              ; 0            ; 0                ; 0                 ;
; host_if|u0                                         ; 16    ; 0              ; 0            ; 0              ; 28     ; 0               ; 0             ; 0               ; 0     ; 0              ; 0            ; 0                ; 0                 ;
; host_if|d0                                         ; 1     ; 0              ; 0            ; 0              ; 1      ; 0               ; 0             ; 0               ; 0     ; 0              ; 0            ; 0                ; 0                 ;
; host_if                                            ; 36    ; 10             ; 0            ; 10             ; 115    ; 10              ; 10            ; 10              ; 0     ; 0              ; 0            ; 0                ; 0                 ;
+----------------------------------------------------+-------+----------------+--------------+----------------+--------+-----------------+---------------+-----------------+-------+----------------+--------------+------------------+-------------------+
